9 0.19791666666666666 0.2814814814814815 0.17083333333333334 0.29136296296296293
9 0.40625 0.4876592592592593 0.17083333333333334 0.25925925925925924
9 0.4666666666666667 0.7382666666666666 0.147225 0.23703703703703705
9 0.609725 0.7913629629629629 0.147225 0.26914074074074074
9 0.55 0.5814814814814815 0.10833333333333334 0.22469629629629628
9 0.659725 0.4938222222222222 0.12222499999999999 0.27654814814814815
9 0.7076416666666666 0.6728444444444445 0.1375 0.2
9 0.7881916666666667 0.4925925925925926 0.13194166666666668 0.2543259259259259
9 0.7159749999999999 0.3172888888888889 0.12916666666666668 0.28888888888888886
9 0.6069416666666667 0.21604444444444446 0.12222499999999999 0.2543259259259259
