12 0.5666666666666667 0.5477777777777778 0.22666666666666666 0.41555555555555557
12 0.2816666666666667 0.4444444444444444 0.31333333333333335 0.14666666666666667
12 0.21166666666666667 0.7422222222222222 0.3233333333333333 0.3288888888888889
12 0.25666666666666665 0.32666666666666666 0.24 0.09777777777777778
12 0.5891666666666666 0.16333333333333333 0.205 0.24222222222222223
12 0.845 0.5777777777777777 0.2866666666666667 0.27111111111111114
12 0.7725 0.8711111111111111 0.22166666666666668 0.25333333333333335
12 0.4533333333333333 0.8255555555555556 0.11666666666666667 0.34
12 0.8608333333333333 0.22444444444444445 0.17833333333333334 0.2311111111111111
12 0.4691666666666667 0.14666666666666667 0.085 0.28
12 0.3416666666666667 0.11222222222222222 0.15 0.21555555555555556
