7 0.37782 0.7360099999999999 0.17731 0.20825
7 0.25762999999999997 0.60214 0.19635 0.19516
7 0.21716999999999997 0.39924 0.21539 0.18206999999999998
7 0.5670299999999999 0.74136 0.18444999999999998 0.20944
7 0.68543 0.6556799999999999 0.1904 0.1904
7 0.78004 0.51646 0.21539 0.16898
7 0.78539 0.33855 0.1904 0.18444999999999998
7 0.31416000000000005 0.22253 0.20468 0.19754
7 0.5313300000000001 0.18087999999999999 0.14875 0.2023
7 0.6901900000000001 0.21836000000000003 0.15708000000000003 0.17969
