7 0.6201953125 0.7352855051244509 0.129765625 0.18368960468521228
7 0.66296875 0.5342166910688141 0.09931640625 0.15325036603221084
7 0.739814453125 0.598887262079063 0.11236328125 0.19128843338213763
7 0.8083203125 0.6798535871156661 0.11744140625 0.2097657393850659
7 0.715166015625 0.7668081991215228 0.115263671875 0.1793411420204978
7 0.66369140625 0.7075695461200585 0.09931640625 0.11521229868228404
7 0.61548828125 0.6026793557833089 0.09279296875 0.10759882869692532
7 0.32296875 0.18585651537335285 0.103671875 0.2217276720351391
7 0.371533203125 0.33639824304538796 0.1544140625 0.10543191800878478
7 0.421923828125 0.177701317715959 0.102939453125 0.22281112737920938
7 0.42880859375 0.06956076134699854 0.1428125 0.13912152269399708
7 0.34580078125 0.11248901903367496 0.0725 0.15759882869692532
